0.62/2/1.3379
uiopen('/groups/scicomp/jacsData/yuTest/toolkits/Vaa3D/qascore.txt',1)
uiopen('/groups/scicomp/jacsData/yuTest/toolkits/Vaa3D/qiscore.txt',1)
ls
qi
qiscore
qi =[ 0.8800
0.9140
0.8300
0.7280
0.8380
0.7640
0.6780
0.6480
0.9120
0.8960
0.9000
0.8900
0.9900
0.9740
0.9560
0.8920
0.8440
0.9400
0.7880
0.8460
0.9000
0.8100
0.7020
0.8460
0.6780
0.6280
0.9040
0.7640
0.7860
0.8260
0.5260
0.5840
0.6780
0.5760
0.6680
0.6220
0.6060
0.6640
0.6600
0.5400
0.4200
0.5140
0.4240
0.6320
0.4860
0.4800
0.3780
0.4580
0.4540
0.9200
0.9400
0.6180
0.5560
0.5020
0.5960
0.4420
0.6180
0.6020
0.6500
0.7400
0.6140
0.5660
0.5380
0.6740
0.7060
0.7040
0.6620
0.6100
0.6280
0.7140
0.5220
0.4740
0.5760
0.6920
0.5680
0.7280
0.6700
0.6080
0.6700
0.4880
0.5720
0.9300
0.9480
0.9900
0.9140
0.9380
0.9520
0.9800
0.5340
0.6800
0.4980
0.6300
0.5400
0.4880
0.7040
0.6420
0.5400
0.5940
0.5420
0.4720
0.5520
0.5780
0.4720
0.5060
0.6460
0.6860
0.6120
0.7780
0.7640
0.8360
0.8480
0.8180
0.9280
0.9480
0.6120
0.6660
0.6880
0.6380
0.7120
0.7880
0.8060
0.6600
0.7960
0.7820
0.6760
0.7480
0.6480
0.6740
0.6860
0.8700
0.8500
0.8840
0.9440
0.8760
0.7660
0.6320
0.7880
0.6520
0.4700
0.8100
0.6100
0.6280
0.8580
0.7320
0.8540
0.8120
0.6800
0.7560
0.6040
0.6540
0.6560
0.5960
0.7240
0.7720
0.8720
0.7820
0.8660
0.7340
0.8940
0.8920
0.8400
0.8420
0.5740
0.6220
0.5880
0.5360
0.4680
0.7340
0.6420
0.7200
0.8520
0.6880
0.6860
0.6240
0.6920
0.7780
0.7380
0.6280
0.7460
0.7620
0.6540
0.6800
0.7900
0.5660
0.7980
0.6100
0.8460
0.8580
0.7760
0.7860
0.9020
0.8500
0.6100
0.8780
0.7800
0.9080]
qa = [ 0.747172
0.790268
0.819261
0.798489
0.573773
0.759707
0.850262
0.829695
0.749743
0.765867
0.750413
0.711948
0.634906
0.70911
0.724391
0.588674
0.555068
0.600445
0.748965
0.670188
0.530818
0.67697
0.726327
0.58903
0.736418
0.708131
0.617045
0.732029
0.767312
0.740088
0.774033
0.804928
0.740578
0.806203
0.822301
0.828325
0.799973
0.799643
0.79237
0.826569
0.870801
0.828512
0.868009
0.817721
0.86271
0.838984
0.848498
0.872046
0.838232
0.54144
0.639389
0.749373
0.796436
0.823809
0.833617
0.838738
0.820375
0.805417
0.800213
0.820146
0.838689
0.835631
0.831715
0.78215
0.810101
0.79177
0.789555
0.82198
0.813544
0.768357
0.817726
0.816701
0.758115
0.741697
0.722131
0.651393
0.698832
0.721791
0.709416
0.827135
0.736739
0.727898
0.6717
0.595506
0.710618
0.64386
0.637411
0.567894
0.856965
0.697521
0.76528
0.743637
0.799711
0.826251
0.72994
0.751821
0.772897
0.784257
0.817183
0.860765
0.768467
0.826424
0.861011
0.860683
0.732466
0.66557
0.723899
0.726652
0.739749
0.653374
0.64661
0.566772
0.630376
0.519777
0.73968
0.7476
0.698041
0.807214
0.746649
0.757543
0.733127
0.745334
0.694767
0.695328
0.739798
0.684442
0.669672
0.73199
0.695015
0.812925
0.769908
0.743974
0.669355
0.731977
0.752421
0.710666
0.689184
0.807764
0.862144
0.472427
0.804496
0.778475
0.692101
0.72605
0.666437
0.758663
0.717735
0.728574
0.714604
0.711897
0.771426
0.68613
0.748471
0.747079
0.639966
0.727264
0.604533
0.751286
0.628644
0.712022
0.728587
0.738057
0.780789
0.790434
0.770562
0.819525
0.749239
0.627683
0.755152
0.725618
0.693263
0.721233
0.634799
0.775032
0.757501
0.640891
0.739194
0.798007
0.75473
0.741369
0.782804
0.728239
0.755582
0.810439
0.630539
0.746539
0.710501
0.694765
0.731964
0.71328
0.576399
0.73364
0.787456
0.641366
0.546963
0.439322
]
qi = 1-qi;
qi
qisort = sort(qi);
figure, plot(qisort)
eidt figcomp.m
edit figcomp.m
figcomp
hold on, plot(qasort)
figure, plot(qi)
hold on, plot(qa)
figcomp
figure,plot(qasort)
qa(196)
qasort(196)
qa(47)
qasort(195)
qascrsort = sort(qa);
figure, plot(qasrcsort)
figure, plot(qascrsort)
clc
figcomp
clc
figcomp
figure,plot(qisort)
hold on, plot(qasort)
close all
%-- Unknown date --%
W = ones(size(v,1),1);
options.method = 'continuous';
landmark = farthest_point_sampling_mesh( vertex,faces, [], nbr_landmarks, options );
landmark = farthest_point_sampling_mesh( v,f, [], nbr_landmarks, options );
help perform_front_propagation_mesh
run('/home/yuy/work/MATLAB/toolbox/toolbox_fast_marching/compile_mex.m')
landmark = farthest_point_sampling_mesh( v,f, [], nbr_landmarks, options );
mex -setup
compile_mex
landmark = farthest_point_sampling_mesh( v,f, [], nbr_landmarks, options );
cd
delete *.mex*
compile_mex
landmark = farthest_point_sampling_mesh( v,f, [], nbr_landmarks, options );
compile_mex
landmark = farthest_point_sampling_mesh( v,f, [], nbr_landmarks, options );
mex -setup
which g++
g++ --version
compile_mex
faces = perform_faces_reorientation(v,f);
landmark = farthest_point_sampling_mesh( v,f, [], nbr_landmarks, options );
%-- 02/27/2013 01:28:56 PM --%
%-- 02/27/2013 01:29:39 PM --%
%-- 02/27/2013 01:30:35 PM --%
cd work
fmincon
mkdir superresolution
cd superresolution/
ls
Flybrain_Dictionary_Training
[Dh, Dl] = train_coupled_dict(Xh, Xl, dict_size, lambda);
mkdir Results
[Dh, Dl] = train_coupled_dict(Xh, Xl, dict_size, lambda);
save Dh.mat Dh
save Dl.mat Dl
dict_path = ['Dictionary/D_' num2str(dict_size) '_' num2str(lambda) '_' num2str(patch_size) '_s' num2str(upscale) '.mat' ];
save(dict_path, 'Dh', 'Dl');
load Dh
load Dl
patch_size = sqrt(size(Dh, 1))
save(dict_path, 'Dh', 'Dl');
clear
cd ..
im=loadtiff('/groups/scicomp/jacsData/yuTest/templates/target/wfb_atx_template_ori.tif');
Flybrain_SR
figure,imshow(im_h_y,[])
im_intbc = imresize(im_l_y, [nrow, ncol], 'bicubic');
figure,imshow(im_intbc,[])
[m,n,p]=size(im);
p
im_sr = zeros(m,n,p);
mh = m*up_scale
row
nrow
mh
int(mh)
int8(mh)
int16(mh)
int16(mh+0.5)
nh = n*up_scale
ncol
int16(nh+0.5)
clear
im=loadtiff('/groups/scicomp/jacsData/yuTest/templates/wfb_atx_template_rec_rc.tif');
cd ..
im=loadtiff('/groups/scicomp/jacsData/yuTest/templates/wfb_atx_template_rec_rc.tif');
figure,imshow(im(:,:,100),[])
Flybrain_SR
figure,imshow(im_sr(:,:,18),[])
Flybrain_SR
figure,imshow(im_sr(:,:,55),[])
figure,imshow(im_sr(:,:,50),[])
figure,imshow(im_sr(:,:,40),[])
figure,imshow(im(:,:,40),[])
figure,imshow(im(:,:,58),[])
clear
im=loadtiff('/groups/scicomp/jacsData/yuTest/templates/target/wfb_atx_template_ori.tif');
cd ..
im=loadtiff('/groups/scicomp/jacsData/yuTest/templates/target/wfb_atx_template_ori.tif');
im_intbc = imresize(im_l_y, [nrow, ncol], 'bicubic');
218*1.44
im_us = imresize(im, [1024,512,314], 'bicubic');
im_us = imresize3(im, [1024,512,314], 'bicubic');
im_us = imresize(im, [1024,512,314], 'bicubic');
im_us = imresize(im, [512,1024,314], 'bicubic');
clear
cd ..
im=loadtiff('/groups/scicomp/jacsData/yuTest/templates/wfb_atx_template_ori_rc1444.tif');
Flybrain_SR
figure,imshow(im_sr(:,:,15),[])
figure,imshow(im(:,:,15),[])
figure,imshow(im_sr(:,:,10),[])
figure,imshow(im_sr(:,:,1),[])
figure,imshow(im_sr(:,:,10),[])
figure,imshow(im(:,:,1),[])
figure,imshow(im(:,:,2),[])
figure,imshow(im(:,:,3),[])
figure,imshow(im(:,:,3))
figure,imshow(im(:,:,3),[0,255])
figure,imshow(im_sr(:,:,3),[0,255])
load('/groups/scicomp/jacsData/yuTest/opticLobeAlign/workdir/test5/RightOpticLobe/mattesTest0Affine.mat')
load('/groups/scicomp/jacsData/yuTest/opticLobeAlign/workdir/test5/RightOpticLobe/mattes0Affine.mat')
load('/groups/scicomp/jacsData/yuTest/opticLobeAlign/workdir/test5/RightOpticLobe/mattesFilter0Affine.mat')
a1 = AffineTransform_double_3_3;
load('/groups/scicomp/jacsData/yuTest/opticLobeAlign/workdir/test5/RightOpticLobe/mattesTest0Affine.mat')
a2 = AffineTransform_double_3_3;
a1 - a2
load('/groups/scicomp/jacsData/yuTest/opticLobeAlign/workdir/test5/RightOpticLobe/mattes0Affine.mat')
Flybrain_SR
figure,imshow(im_sr(:,:,100),[0,255])
figure,imshow(im(:,:,100),[0,255])
edit tiffwrite
edit tifwrite
cd
tifwrite(im_sr, './superresolutiontarget');
tifwrite(im_sr, './superresolutiontarget.tif');
%-- 03/07/2013 02:00:10 PM --%
%-- 03/07/2013 03:09:05 PM --%
im=loadtiff('/groups/scicomp/jacsData/yuTest/templates/target/wfb_atx_template_ori.tif');
Flybrain_SR
ls
save im_sr im_sr
figure, imshow(im_sr(:,:,100),[])
tifwrite(im_sr, './test.tif');
max(im_sr(:))
min(im_sr(:))
I=255*(im_sr - min(im_sr(:)))/(max(im_sr(:))-min(im_sr(:)));
rm test.tif
del test.tif
delete test.tif
tifwrite(I, './test.tif');
figure, imshow(I(:,:,100),[])
delete test.tif
tifwrite(uint8(I), './test.tif');
im=loadtiff('/groups/scicomp/jacsData/yuTest/templates/wfb_atx_template_ori_rc1444.tif');
figure, imshow(im_sr(:,:,100),[0,300])
figure, imshow(im_sr(:,:,100),[])
figure, imshow(im_sr(:,:,100),[0,255])
figure, imshow(im(:,:,100),[])
num_iter = 4;
delta_t = 3/44;
kappa = 70;
option = 2;
voxel_spacing = ones(3,1);
%   num_iter = 4;
%   delta_t = 3/44;
%   kappa = 70;
%   option = 2;
%   voxel_spacing = ones(3,1);
diff_vol = anisodiff3D(im, num_iter, delta_t, kappa, option, voxel_spacing);
figure, imshow(im(:,:,100),[])
figure, imshow(diff_vol(:,:,100),[])
figure, imshow(im(:,:,150),[])
figure, imshow(im(:,:,180),[])
figure, imshow(diff_vol(:,:,180),[])
save diff_vol.mat diff_vol
%-- 04/17/2014 11:29:10 AM --%
Mousebrain_Dictionary_Training
figure,imshow(cdata,[])
[Dh, Dl] = train_coupled_dict(Xh, Xl, dict_size, lambda);
dict_path = ['Dictionary/D_' num2str(dict_size) '_' num2str(lambda) '_' num2str(patch_size) '.mat' ];
Mousebrain_Dictionary_Training
edit loadtif
im=loadtiff('/groups/jacs/jacsShare/yuTest/Share4Mark/wbLypd1/downsample/refrb/workdir/warpedrs.tif');




%-- Unknown date --%
-9, 5, -8, 488, 0.426882,
-9, 5, -8, 489, 0.428644,
-9, 5, -8, 490, 0.430439,
-9, 5, -8, 491, 0.432234,
-9, 5, -8, 492, 0.434092,
-9, 5, -8, 493, 0.436184,
-9, 5, -8, 494, 0.438482,
-9, 5, -8, 495, 0.441003,
-9, 5, -8, 496, 0.443889,
-9, 5, -8, 497, 0.447031,
-9, 5, -8, 498, 0.450244,
-9, 5, -8, 499, 0.453586,
-9, 5, -8, 500, 0.457001,
-9, 5, -8, 501, 0.460326,
-9, 5, -8, 502, 0.463362,
-9, 5, -8, 503, 0.466018,
-9, 5, -8, 504, 0.468212,
-9, 5, -8, 505, 0.469944,
-9, 5, -8, 506, 0.471246,
-9, 5, -8, 507, 0.472064,
-9, 5, -8, 508, 0.472375,
-9, 5, -8, 509, 0.472173,
-9, 5, -8, 510, 0.471401,
-9, 5, -8, 511, 0.470092,
-9, 5, -8, 512, 0.468242,
-9, 5, -8, 513, 0.465934,
-9, 5, -8, 514, 0.463139,
-9, 5, -8, 515, 0.459904,
-9, 5, -8, 516, 0.456279,
-9, 5, -8, 517, 0.452331,
-9, 5, -8, 518, 0.448099,
-9, 5, -8, 519, 0.443495,
-9, 5, -8, 520, 0.438757,
-9, 5, -8, 521, 0.433778,
-9, 5, -8, 522, 0.428579,
-9, 5, -8, 523, 0.423083,
-9, 5, -8, 524, 0.417542,
-9, 5, -8, 525, 0.411978,
-9, 5, -8, 526, 0.406383,
-9, 5, -8, 527, 0.400784,
-9, 5, -8, 528, 0.39517,
-9, 5, -8, 529, 0.389533,
-9, 5, -8, 530, 0.383935,
-9, 5, -8, 531, 0.378449,
-9, 5, -8, 532, 0.373092,
-9, 5, -8, 533, 0.367763,
-9, 5, -8, 534, 0.362477,
-9, 5, -8, 535, 0.357265,
-9, 5, -8, 536, 0.352115,
-9, 5, -7, 487, 0.427497,
-9, 5, -7, 488, 0.429359,
-9, 5, -7, 489, 0.431232,
-9, 5, -7, 490, 0.433114,
-9, 5, -7, 491, 0.434985,
-9, 5, -7, 492, 0.436912,
-9, 5, -7, 493, 0.439055,
-9, 5, -7, 494, 0.441403,
-9, 5, -7, 495, 0.444004,
-9, 5, -7, 496, 0.446886,
-9, 5, -7, 497, 0.450052,
-9, 5, -7, 498, 0.453271,
-9, 5, -7, 499, 0.456647,
-9, 5, -7, 500, 0.460053,
-9, 5, -7, 501, 0.463279,
-9, 5, -7, 502, 0.466172,
-9, 5, -7, 503, 0.468706,
-9, 5, -7, 504, 0.470836,
-9, 5, -7, 505, 0.472505,
-9, 5, -7, 506, 0.47371,
-9, 5, -7, 507, 0.474426,
-9, 5, -7, 508, 0.474641,
-9, 5, -7, 509, 0.474371,
-9, 5, -7, 510, 0.473508,
-9, 5, -7, 511, 0.472127,
-9, 5, -7, 512, 0.470217,
-9, 5, -7, 513, 0.46784,
-9, 5, -7, 514, 0.464983,
-9, 5, -7, 515, 0.461683,
-9, 5, -7, 516, 0.458008,
-9, 5, -7, 517, 0.454045,
-9, 5, -7, 518, 0.449761,
-9, 5, -7, 519, 0.445011,
-9, 5, -7, 520, 0.440119,
-9, 5, -7, 521, 0.434915,
-9, 5, -7, 522, 0.429464,
-9, 5, -7, 523, 0.423743,
-9, 5, -7, 524, 0.417999,
-9, 5, -7, 525, 0.412222,
-9, 5, -7, 526, 0.406417,
-9, 5, -7, 527, 0.400675,
-9, 5, -7, 528, 0.394999,
-9, 5, -7, 529, 0.389384,
-9, 5, -7, 530, 0.383748,
-9, 5, -7, 531, 0.378203,
-9, 5, -7, 532, 0.372798,
-9, 5, -7, 533, 0.367419,
-9, 5, -7, 534, 0.362119,
-9, 5, -7, 535, 0.35689,
-9, 5, -7, 536, 0.351718,
-9, 5, -6, 487, 0.429618,
-9, 5, -6, 488, 0.43164,
-9, 5, -6, 489, 0.43359,
-9, 5, -6, 490, 0.435542,
-9, 5, -6, 491, 0.437523,
-9, 5, -6, 492, 0.439579,
-9, 5, -6, 493, 0.441812,
-9, 5, -6, 494, 0.444266,
-9, 5, -6, 495, 0.446955,
-9, 5, -6, 496, 0.449867,
-9, 5, -6, 497, 0.453062,
-9, 5, -6, 498, 0.456336,
-9, 5, -6, 499, 0.459725,
-9, 5, -6, 500, 0.463066,
-9, 5, -6, 501, 0.466181,
-9, 5, -6, 502, 0.468976,
-9, 5, -6, 503, 0.471406,
-9, 5, -6, 504, 0.473403,
-9, 5, -6, 505, 0.474921,
-9, 5, -6, 506, 0.475991,
-9, 5, -6, 507, 0.476539,
-9, 5, -6, 508, 0.476628,
-9, 5, -6, 509, 0.476246,
-9, 5, -6, 510, 0.475327,
-9, 5, -6, 511, 0.473903,
-9, 5, -6, 512, 0.471966,
-9, 5, -6, 513, 0.469542,
-9, 5, -6, 514, 0.466595,
-9, 5, -6, 515, 0.463199,
-9, 5, -6, 516, 0.459427,
-9, 5, -6, 517, 0.45538,
-9, 5, -6, 518, 0.450976,
-9, 5, -6, 519, 0.446169,
-9, 5, -6, 520, 0.441094,
-9, 5, -6, 521, 0.435658,
-9, 5, -6, 522, 0.429933,
-9, 5, -6, 523, 0.424,
-9, 5, -6, 524, 0.418047,
-9, 5, -6, 525, 0.412048,
-9, 5, -6, 526, 0.406094,
-9, 5, -6, 527, 0.400289,
-9, 5, -6, 528, 0.394602,
-9, 5, -6, 529, 0.38901,
-9, 5, -6, 530, 0.383374,
-9, 5, -6, 531, 0.377809,
-9, 5, -6, 532, 0.372365,
-9, 5, -6, 533, 0.366959,
-9, 5, -6, 534, 0.361663,
-9, 5, -6, 535, 0.35643,
-9, 5, -6, 536, 0.351291,
];
size(sta)
%%-- 09/09/2014 11:24:44 AM --%%
%-- 09/09/2014 11:25:13 AM --%
cd work/research/tools/neucv/gnubuild/
ls
cd dicksonlab/
ls
corr=[1.0 0.919076 0.943282 0.935655 0.942196 0.924905 0.933396 0.941505 0.940278 0.943284 0.938684 0.901748 0.944375 0.931966 0.943378 0.933995 0.926244 0.938882 0.94672 0.933456 0.94517 0.946489 0.937819 0.938809 0.941947 0.94065 0.937874 0.948862 0.949446 0.940895 0.931796 0.937601 0.940461 0.937415 0.933561 0.929192 0.931851 0.934157 0.905222 0.946339 0.945309 0.9163 0.914015 0.925852 0.933776 0.919076 1.0 0.934974 0.918147 0.909169 0.923532 0.925135 0.919295 0.926848 0.894099 0.937607 0.88076 0.930982 0.928372 0.939623 0.912937 0.934324 0.922962 0.936924 0.910362 0.9294 0.921941 0.937981 0.913363 0.91594 0.912633 0.942933 0.938973 0.93709 0.915303 0.933506 0.938472 0.919942 0.921866 0.934454 0.920592 0.930165 0.934169 0.888747 0.936889 0.927429 0.92069 0.894561 0.932853 0.94512 0.943282 0.934974 1.0 0.942986 0.93608 0.936225 0.940975 0.940062 0.946185 0.934088 0.944914 0.917834 0.952779 0.9383 0.950359 0.936101 0.940695 0.937991 0.948741 0.94035 0.949517 0.946157 0.945035 0.939318 0.941685 0.943578 0.951727 0.951013 0.952712 0.943494 0.95049 0.950435 0.944967 0.951059 0.946763 0.943675 0.947731 0.943488 0.910699 0.944849 0.952544 0.933309 0.924323 0.941865 0.94429 0.935655 0.918147 0.942986 1.0 0.934774 0.931632 0.941458 0.942034 0.929901 0.946692 0.935739 0.917244 0.942177 0.935295 0.934382 0.923657 0.930969 0.923593 0.93804 0.940988 0.947992 0.937243 0.93671 0.923453 0.927899 0.948707 0.941368 0.939017 0.946986 0.94821 0.94584 0.937353 0.936843 0.949501 0.944657 0.949647 0.934679 0.941777 0.919173 0.939437 0.948875 0.930046 0.932848 0.928407 0.933164 0.942196 0.909169 0.93608 0.934774 1.0 0.923853 0.928653 0.929615 0.919235 0.936652 0.923088 0.918025 0.930983 0.928522 0.932834 0.923022 0.919269 0.924865 0.94172 0.933542 0.934244 0.931382 0.924382 0.930726 0.923215 0.932214 0.929457 0.939632 0.943298 0.930807 0.93092 0.92822 0.925761 0.931012 0.931484 0.932037 0.926213 0.922378 0.891881 0.932488 0.935383 0.905282 0.907227 0.907143 0.921034 0.924905 0.923532 0.936225 0.931632 0.923853 1.0 0.936887 0.928991 0.929638 0.924633 0.932241 0.894684 0.933634 0.933462 0.934159 0.901473 0.9314 0.920837 0.933923 0.930452 0.936633 0.93052 0.930518 0.912611 0.918216 0.934678 0.944037 0.932703 0.935934 0.935151 0.93836 0.934423 0.924973 0.944219 0.942081 0.939158 0.938888 0.942455 0.907419 0.932031 0.942359 0.931197 0.922497 0.929797 0.937268 0.933396 0.925135 0.940975 0.941458 0.928653 0.936887 1.0 0.937835 0.9322 0.929666 0.940436 0.903219 0.940925 0.932359 0.941363 0.923247 0.932045 0.9286 0.94494 0.937324 0.945443 0.939671 0.936166 0.927251 0.929508 0.937754 0.940939 0.940144 0.950589 0.939528 0.93966 0.939995 0.936263 0.940745 0.942999 0.942605 0.941567 0.934909 0.907382 0.935754 0.943602 0.920518 0.92121 0.931621 0.939931 0.941505 0.919295 0.940062 0.942034 0.929615 0.928991 0.937835 1.0 0.935409 0.944882 0.942627 0.913612 0.941275 0.943689 0.941858 0.93085 0.934968 0.912804 0.938041 0.931907 0.945972 0.93468 0.940786 0.925483 0.934257 0.944608 0.943142 0.943981 0.945211 0.952384 0.939267 0.943366 0.93351 0.942829 0.944826 0.938192 0.929205 0.941101 0.922792 0.943232 0.944374 0.931682 0.932666 0.926747 0.942271 0.940278 0.926848 0.946185 0.929901 0.919235 0.929638 0.9322 0.935409 1.0 0.926938 0.939489 0.922054 0.945298 0.930538 0.944002 0.928693 0.934033 0.936496 0.941213 0.927017 0.945702 0.944624 0.939579 0.935296 0.94034 0.936528 0.9447 0.945681 0.947324 0.937643 0.942853 0.946387 0.944512 0.946008 0.938987 0.935046 0.941113 0.936043 0.910028 0.938936 0.949421 0.929767 0.918409 0.940924 0.937089 0.943284 0.894099 0.934088 0.946692 0.936652 0.924633 0.929666 0.944882 0.926938 1.0 0.922373 0.922056 0.935921 0.931052 0.927259 0.91754 0.916345 0.910817 0.929594 0.931959 0.943492 0.930199 0.921859 0.916563 0.92504 0.950057 0.930639 0.930578 0.938344 0.944029 0.934008 0.927571 0.93127 0.943838 0.935323 0.933351 0.924076 0.925078 0.916364 0.933639 0.943972 0.922354 0.931719 0.912824 0.917129 0.938684 0.937607 0.944914 0.935739 0.923088 0.932241 0.940436 0.942627 0.939489 0.922373 1.0 0.897431 0.942819 0.942733 0.948401 0.926705 0.945524 0.930013 0.944187 0.931289 0.947209 0.935957 0.946338 0.927053 0.93309 0.938523 0.950239 0.950771 0.947604 0.939333 0.945278 0.945118 0.935858 0.940467 0.946671 0.934992 0.937956 0.945259 0.921323 0.942159 0.942983 0.932594 0.919291 0.943368 0.952823 0.901748 0.88076 0.917834 0.917244 0.918025 0.894684 0.903219 0.913612 0.922054 0.922056 0.897431 1.0 0.930398 0.90693 0.918048 0.928718 0.900712 0.923306 0.925871 0.915901 0.932127 0.924248 0.915056 0.92202 0.922395 0.921921 0.922659 0.925101 0.931298 0.927208 0.92315 0.922366 0.930539 0.922152 0.918451 0.915029 0.915384 0.909012 0.88407 0.928489 0.934458 0.900759 0.892534 0.911159 0.912516 0.944375 0.930982 0.952779 0.942177 0.930983 0.933634 0.940925 0.941275 0.945298 0.935921 0.942819 0.930398 1.0 0.93605 0.94714 0.939879 0.938719 0.94006 0.948255 0.941785 0.949679 0.949289 0.946021 0.93896 0.946088 0.945815 0.950316 0.94815 0.95162 0.943978 0.95342 0.948905 0.946757 0.948271 0.943938 0.93925 0.944717 0.941182 0.916801 0.947499 0.95388 0.931126 0.926547 0.942877 0.942756 0.931966 0.928372 0.9383 0.935295 0.928522 0.933462 0.932359 0.943689 0.930538 0.931052 0.942733 0.90693 0.93605 1.0 0.941896 0.918803 0.939623 0.910661 0.935981 0.928089 0.942273 0.927404 0.938907 0.919476 0.922621 0.941654 0.945645 0.943222 0.941413 0.943966 0.938869 0.940346 0.925653 0.940204 0.94931 0.936941 0.928345 0.946889 0.923779 0.936896 0.939967 0.93202 0.932341 0.931024 0.94315 0.943378 0.939623 0.950359 0.934382 0.932834 0.934159 0.941363 0.941858 0.944002 0.927259 0.948401 0.918048 0.94714 0.941896 1.0 0.929687 0.943976 0.93371 0.9494 0.934757 0.944529 0.937969 0.945195 0.938912 0.938974 0.93903 0.949241 0.955008 0.950049 0.938283 0.944503 0.947693 0.940824 0.943422 0.943402 0.934371 0.944307 0.941272 0.906843 0.943182 0.946572 0.925915 0.918768 0.937092 0.945978 0.933995 0.912937 0.936101 0.923657 0.923022 0.901473 0.923247 0.93085 0.928693 0.91754 0.926705 0.928718 0.939879 0.918803 0.929687 1.0 0.924873 0.934409 0.942294 0.917596 0.937292 0.935029 0.937063 0.936045 0.934246 0.927592 0.934595 0.935477 0.940932 0.935248 0.938356 0.936233 0.925253 0.920959 0.926912 0.920611 0.916171 0.915008 0.888639 0.942913 0.93148 0.896486 0.899863 0.923325 0.934094 0.926244 0.934324 0.940695 0.930969 0.919269 0.9314 0.932045 0.934968 0.934033 0.916345 0.945524 0.900712 0.938719 0.939623 0.943976 0.924873 1.0 0.925657 0.939649 0.932602 0.94305 0.931489 0.94349 0.923023 0.930462 0.937671 0.951783 0.944246 0.942239 0.934511 0.941325 0.940332 0.927579 0.944747 0.943891 0.931218 0.937592 0.940705 0.917579 0.942344 0.939499 0.931563 0.921583 0.940003 0.946726 0.938882 0.922962 0.937991 0.923593 0.924865 0.920837 0.9286 0.912804 0.936496 0.910817 0.930013 0.923306 0.94006 0.910661 0.93371 0.934409 0.925657 1.0 0.944889 0.923201 0.934325 0.943109 0.930373 0.937895 0.940295 0.916324 0.933442 0.942719 0.945843 0.916057 0.935761 0.935069 0.935314 0.927099 0.921977 0.918815 0.929381 0.921274 0.876731 0.946156 0.935214 0.904025 0.886314 0.925049 0.933287 0.94672 0.936924 0.948741 0.93804 0.94172 0.933923 0.94494 0.938041 0.941213 0.929594 0.944187 0.925871 0.948255 0.935981 0.9494 0.942294 0.939649 0.944889 1.0 0.940076 0.949053 0.948211 0.94332 0.942975 0.942612 0.937601 0.944837 0.955711 0.955914 0.937451 0.947659 0.946135 0.943116 0.939312 0.940365 0.935183 0.941487 0.936063 0.897973 0.9512 0.947904 0.916191 0.911404 0.932705 0.944092 0.933456 0.910362 0.94035 0.940988 0.933542 0.930452 0.937324 0.931907 0.927017 0.931959 0.931289 0.915901 0.941785 0.928089 0.934757 0.917596 0.932602 0.923201 0.940076 1.0 0.943405 0.935074 0.932648 0.926244 0.92765 0.942578 0.938263 0.937882 0.942867 0.937602 0.94271 0.934635 0.934382 0.944365 0.937277 0.939388 0.935252 0.931434 0.911962 0.93546 0.942855 0.91832 0.923151 0.920772 0.928952 0.94517 0.9294 0.949517 0.947992 0.934244 0.936633 0.945443 0.945972 0.945702 0.943492 0.947209 0.932127 0.949679 0.942273 0.944529 0.937292 0.94305 0.934325 0.949053 0.943405 1.0 0.944969 0.94529 0.935802 0.942507 0.948569 0.949516 0.94959 0.9523 0.949487 0.951868 0.946308 0.945736 0.952208 0.947909 0.941123 0.942708 0.944938 0.924529 0.949284 0.9539 0.933734 0.928472 0.93974 0.942917 0.946489 0.921941 0.946157 0.937243 0.931382 0.93052 0.939671 0.93468 0.944624 0.930199 0.935957 0.924248 0.949289 0.927404 0.937969 0.935029 0.931489 0.943109 0.948211 0.935074 0.944969 1.0 0.940895 0.939162 0.943607 0.933855 0.941696 0.947821 0.953589 0.939209 0.945113 0.945163 0.944193 0.942913 0.937509 0.935423 0.939795 0.934546 0.90228 0.94963 0.950087 0.920192 0.911639 0.934276 0.939566 0.937819 0.937981 0.945035 0.93671 0.924382 0.930518 0.936166 0.940786 0.939579 0.921859 0.946338 0.915056 0.946021 0.938907 0.945195 0.937063 0.94349 0.930373 0.94332 0.932648 0.94529 0.940895 1.0 0.928528 0.936329 0.937452 0.951945 0.948655 0.945953 0.942728 0.947292 0.941721 0.93579 0.937057 0.943613 0.934286 0.934237 0.941825 0.9185 0.948689 0.942419 0.933119 0.91695 0.939181 0.949032 0.938809 0.913363 0.939318 0.923453 0.930726 0.912611 0.927251 0.925483 0.935296 0.916563 0.927053 0.92202 0.93896 0.919476 0.938912 0.936045 0.923023 0.937895 0.942975 0.926244 0.935802 0.939162 0.928528 1.0 0.940187 0.924513 0.932538 0.946094 0.944482 0.928761 0.938717 0.940642 0.938406 0.931219 0.927411 0.922394 0.934407 0.921532 0.882388 0.931233 0.938117 0.904544 0.900882 0.923548 0.93059 0.941947 0.91594 0.941685 0.927899 0.923215 0.918216 0.929508 0.934257 0.94034 0.92504 0.93309 0.922395 0.946088 0.922621 0.938974 0.934246 0.930462 0.940295 0.942612 0.92765 0.942507 0.943607 0.936329 0.940187 1.0 0.932221 0.941091 0.945927 0.946531 0.935042 0.942604 0.942206 0.944623 0.936452 0.934634 0.927246 0.934007 0.931597 0.902334 0.949315 0.945712 0.914397 0.907929 0.931568 0.936645 0.94065 0.912633 0.943578 0.948707 0.932214 0.934678 0.937754 0.944608 0.936528 0.950057 0.938523 0.921921 0.945815 0.941654 0.93903 0.927592 0.937671 0.916324 0.937601 0.942578 0.948569 0.933855 0.937452 0.924513 0.932221 1.0 0.942491 0.936446 0.939973 0.95047 0.944485 0.936348 0.934036 0.951988 0.943486 0.946194 0.933438 0.939616 0.931336 0.934209 0.948159 0.932632 0.943495 0.925956 0.930108 0.937874 0.942933 0.951727 0.941368 0.929457 0.944037 0.940939 0.943142 0.9447 0.930639 0.950239 0.922659 0.950316 0.945645 0.949241 0.934595 0.951783 0.933442 0.944837 0.938263 0.949516 0.941696 0.951945 0.932538 0.941091 0.942491 1.0 0.94919 0.947366 0.942025 0.949655 0.948361 0.938413 0.949621 0.953241 0.94146 0.943563 0.950038 0.921529 0.947644 0.948025 0.940044 0.929526 0.946774 0.948425 0.948862 0.938973 0.951013 0.939017 0.939632 0.932703 0.940144 0.943981 0.945681 0.930578 0.950771 0.925101 0.94815 0.943222 0.955008 0.935477 0.944246 0.942719 0.955711 0.937882 0.94959 0.947821 0.948655 0.946094 0.945927 0.936446 0.94919 1.0 0.955007 0.939375 0.94877 0.95158 0.941508 0.943346 0.942853 0.93827 0.943028 0.943793 0.908156 0.948525 0.948344 0.926341 0.915196 0.939123 0.94609 0.949446 0.93709 0.952712 0.946986 0.943298 0.935934 0.950589 0.945211 0.947324 0.938344 0.947604 0.931298 0.95162 0.941413 0.950049 0.940932 0.942239 0.945843 0.955914 0.942867 0.9523 0.953589 0.945953 0.944482 0.946531 0.939973 0.947366 0.955007 1.0 0.938951 0.950324 0.952659 0.945303 0.945223 0.941112 0.938146 0.943677 0.937544 0.908028 0.946625 0.951704 0.92376 0.917547 0.94009 0.945191 0.940895 0.915303 0.943494 0.94821 0.930807 0.935151 0.939528 0.952384 0.937643 0.944029 0.939333 0.927208 0.943978 0.943966 0.938283 0.935248 0.934511 0.916057 0.937451 0.937602 0.949487 0.939209 0.942728 0.928761 0.935042 0.95047 0.942025 0.939375 0.938951 1.0 0.946758 0.942754 0.937088 0.946371 0.944118 0.947434 0.930809 0.939357 0.930822 0.937199 0.950024 0.936317 0.940069 0.930057 0.93419 0.931796 0.933506 0.95049 0.94584 0.93092 0.93836 0.93966 0.939267 0.942853 0.934008 0.945278 0.92315 0.95342 0.938869 0.944503 0.938356 0.941325 0.935761 0.947659 0.94271 0.951868 0.945113 0.947292 0.938717 0.942604 0.944485 0.949655 0.94877 0.950324 0.946758 1.0 0.948631 0.947064 0.950468 0.94843 0.946115 0.946812 0.943177 0.91611 0.946715 0.954611 0.932033 0.927218 0.942328 0.945336 0.937601 0.938472 0.950435 0.937353 0.92822 0.934423 0.939995 0.943366 0.946387 0.927571 0.945118 0.922366 0.948905 0.940346 0.947693 0.936233 0.940332 0.935069 0.946135 0.934635 0.946308 0.945163 0.941721 0.940642 0.942206 0.936348 0.948361 0.95158 0.952659 0.942754 0.948631 1.0 0.939568 0.946185 0.945529 0.939284 0.945683 0.941571 0.911407 0.946331 0.952101 0.930891 0.923947 0.942594 0.947317 0.940461 0.919942 0.944967 0.936843 0.925761 0.924973 0.936263 0.93351 0.944512 0.93127 0.935858 0.930539 0.946757 0.925653 0.940824 0.925253 0.927579 0.935314 0.943116 0.934382 0.945736 0.944193 0.93579 0.938406 0.944623 0.934036 0.938413 0.941508 0.945303 0.937088 0.947064 0.939568 1.0 0.947956 0.938471 0.932913 0.942455 0.936721 0.908676 0.943348 0.952357 0.915697 0.919476 0.937749 0.936507 0.937415 0.921866 0.951059 0.949501 0.931012 0.944219 0.940745 0.942829 0.946008 0.943838 0.940467 0.922152 0.948271 0.940204 0.943422 0.920959 0.944747 0.927099 0.939312 0.944365 0.952208 0.942913 0.937057 0.931219 0.936452 0.951988 0.949621 0.943346 0.945223 0.946371 0.950468 0.946185 0.947956 1.0 0.946767 0.947902 0.945918 0.943056 0.927273 0.934028 0.954932 0.935693 0.942622 0.938847 0.933224 0.933561 0.934454 0.946763 0.944657 0.931484 0.942081 0.942999 0.944826 0.938987 0.935323 0.946671 0.918451 0.943938 0.94931 0.943402 0.926912 0.943891 0.921977 0.940365 0.937277 0.947909 0.937509 0.943613 0.927411 0.934634 0.943486 0.953241 0.942853 0.941112 0.944118 0.94843 0.945529 0.938471 0.946767 1.0 0.944695 0.941745 0.947075 0.926351 0.93939 0.94985 0.934388 0.932605 0.939726 0.942986 0.929192 0.920592 0.943675 0.949647 0.932037 0.939158 0.942605 0.938192 0.935046 0.933351 0.934992 0.915029 0.93925 0.936941 0.934371 0.920611 0.931218 0.918815 0.935183 0.939388 0.941123 0.935423 0.934286 0.922394 0.927246 0.946194 0.94146 0.93827 0.938146 0.947434 0.946115 0.939284 0.932913 0.947902 0.944695 1.0 0.934635 0.93711 0.921417 0.930255 0.946085 0.935189 0.934103 0.925353 0.931919 0.931851 0.930165 0.947731 0.934679 0.926213 0.938888 0.941567 0.929205 0.941113 0.924076 0.937956 0.915384 0.944717 0.928345 0.944307 0.916171 0.937592 0.929381 0.941487 0.935252 0.942708 0.939795 0.934237 0.934407 0.934007 0.933438 0.943563 0.943028 0.943677 0.930809 0.946812 0.945683 0.942455 0.945918 0.941745 0.934635 1.0 0.938592 0.904499 0.936607 0.951596 0.929569 0.923214 0.939855 0.937408 0.934157 0.934169 0.943488 0.941777 0.922378 0.942455 0.934909 0.941101 0.936043 0.925078 0.945259 0.909012 0.941182 0.946889 0.941272 0.915008 0.940705 0.921274 0.936063 0.931434 0.944938 0.934546 0.941825 0.921532 0.931597 0.939616 0.950038 0.943793 0.937544 0.939357 0.943177 0.941571 0.936721 0.943056 0.947075 0.93711 0.938592 1.0 0.924587 0.93776 0.9441 0.939643 0.928906 0.939897 0.942548 0.905222 0.888747 0.910699 0.919173 0.891881 0.907419 0.907382 0.922792 0.910028 0.916364 0.921323 0.88407 0.916801 0.923779 0.906843 0.888639 0.917579 0.876731 0.897973 0.911962 0.924529 0.90228 0.9185 0.882388 0.902334 0.931336 0.921529 0.908156 0.908028 0.930822 0.91611 0.911407 0.908676 0.927273 0.926351 0.921417 0.904499 0.924587 1.0 0.905503 0.926486 0.933542 0.932979 0.914371 0.915657 0.946339 0.936889 0.944849 0.939437 0.932488 0.932031 0.935754 0.943232 0.938936 0.933639 0.942159 0.928489 0.947499 0.936896 0.943182 0.942913 0.942344 0.946156 0.9512 0.93546 0.949284 0.94963 0.948689 0.931233 0.949315 0.934209 0.947644 0.948525 0.946625 0.937199 0.946715 0.946331 0.943348 0.934028 0.93939 0.930255 0.936607 0.93776 0.905503 1.0 0.940154 0.921711 0.899446 0.929718 0.948335 0.945309 0.927429 0.952544 0.948875 0.935383 0.942359 0.943602 0.944374 0.949421 0.943972 0.942983 0.934458 0.95388 0.939967 0.946572 0.93148 0.939499 0.935214 0.947904 0.942855 0.9539 0.950087 0.942419 0.938117 0.945712 0.948159 0.948025 0.948344 0.951704 0.950024 0.954611 0.952101 0.952357 0.954932 0.94985 0.946085 0.951596 0.9441 0.926486 0.940154 1.0 0.935504 0.93375 0.94128 0.939884 0.9163 0.92069 0.933309 0.930046 0.905282 0.931197 0.920518 0.931682 0.929767 0.922354 0.932594 0.900759 0.931126 0.93202 0.925915 0.896486 0.931563 0.904025 0.916191 0.91832 0.933734 0.920192 0.933119 0.904544 0.914397 0.932632 0.940044 0.926341 0.92376 0.936317 0.932033 0.930891 0.915697 0.935693 0.934388 0.935189 0.929569 0.939643 0.933542 0.921711 0.935504 1.0 0.933136 0.937198 0.93599 0.914015 0.894561 0.924323 0.932848 0.907227 0.922497 0.92121 0.932666 0.918409 0.931719 0.919291 0.892534 0.926547 0.932341 0.918768 0.899863 0.921583 0.886314 0.911404 0.923151 0.928472 0.911639 0.91695 0.900882 0.907929 0.943495 0.929526 0.915196 0.917547 0.940069 0.927218 0.923947 0.919476 0.942622 0.932605 0.934103 0.923214 0.928906 0.932979 0.899446 0.93375 0.933136 1.0 0.918078 0.91571 0.925852 0.932853 0.941865 0.928407 0.907143 0.929797 0.931621 0.926747 0.940924 0.912824 0.943368 0.911159 0.942877 0.931024 0.937092 0.923325 0.940003 0.925049 0.932705 0.920772 0.93974 0.934276 0.939181 0.923548 0.931568 0.925956 0.946774 0.939123 0.94009 0.930057 0.942328 0.942594 0.937749 0.938847 0.939726 0.925353 0.939855 0.939897 0.914371 0.929718 0.94128 0.937198 0.918078 1.0 0.947314 0.933776 0.94512 0.94429 0.933164 0.921034 0.937268 0.939931 0.942271 0.937089 0.917129 0.952823 0.912516 0.942756 0.94315 0.945978 0.934094 0.946726 0.933287 0.944092 0.928952 0.942917 0.939566 0.949032 0.93059 0.936645 0.930108 0.948425 0.94609 0.945191 0.93419 0.945336 0.947317 0.936507 0.933224 0.942986 0.931919 0.937408 0.942548 0.915657 0.948335 0.939884 0.93599 0.91571 0.947314 1.0 ];
I=reshape(corr,[45 45]);
figure,imagesc(I)
set(gca, 'XTickLabel',{'FCF_CSMH-20140605_31_A1', 'FCF_CSMH-20140605_31_A2', 'FCF_CSMH-20140605_31_A3', 'FCF_CSMH-20140605_31_A4', 'FCF_CSMH-20140605_31_A5', 'FCF_CSMH-20140605_31_A6', 'FCF_CSMH-20140605_31_B1', 'FCF_CSMH-20140605_31_B3', 'FCF_CSMH-20140605_31_B4', 'FCF_CSMH-20140605_31_B5', 'FCF_CSMH-20140605_31_B6', 'FCF_CSMH-20140605_31_C1', 'FCF_CSMH-20140605_31_C2', 'FCF_CSMH-20140605_31_C3', 'FCF_CSMH-20140605_31_C5', 'FCF_CSMH-20140605_31_C6', 'FCF_CSMH-20140605_31_D2', 'FCF_CSMH-20140605_31_D3', 'FCF_CSMH-20140605_31_E1', 'FCF_CSMH-20140605_31_E2', 'FCF_CSMH-20140605_31_E3', 'FCF_CSMH-20140605_31_B2', 'FCF_CSMH-20140605_31_C4', 'FCF_CSMH-20140605_31_D1', 'FCF_CSMH-20140605_31_D4', 'FCF_CSMH-20140605_31_E4', 'FCF_CSMH-20140605_31_E5', 'FCF_CSMH-20140605_31_E6', 'FCF_CSMH-20140605_31_F1', 'FCF_CSMH-20140605_31_F2', 'FCF_CSMH-20140605_31_F3', 'FCF_CSMH-20140605_31_F4', 'FCF_CSMH-20140605_31_F5', 'FCF_CSMH-20140605_31_F6', 'FCF_CSMH-20140605_31_G1', 'FCF_CSMH-20140605_31_G2', 'FCF_CSMH-20140605_31_G3', 'FCF_CSMH-20140605_31_G4', 'FCF_CSMH-20140605_31_G5', 'FCF_CSMH-20140605_31_G6', 'FCF_CSMH-20140605_31_H1', 'FCF_CSMH-20140605_31_H2', 'FCF_CSMH-20140605_31_H3', 'FCF_CSMH-20140605_31_H4', 'FCF_CSMH-20140605_31_H5'})
xticklabel_rotate
xticklabel_rotate([1:45],45,{'FCF_CSMH-20140605_31_A1', 'FCF_CSMH-20140605_31_A2', 'FCF_CSMH-20140605_31_A3', 'FCF_CSMH-20140605_31_A4', 'FCF_CSMH-20140605_31_A5', 'FCF_CSMH-20140605_31_A6', 'FCF_CSMH-20140605_31_B1', 'FCF_CSMH-20140605_31_B3', 'FCF_CSMH-20140605_31_B4', 'FCF_CSMH-20140605_31_B5', 'FCF_CSMH-20140605_31_B6', 'FCF_CSMH-20140605_31_C1', 'FCF_CSMH-20140605_31_C2', 'FCF_CSMH-20140605_31_C3', 'FCF_CSMH-20140605_31_C5', 'FCF_CSMH-20140605_31_C6', 'FCF_CSMH-20140605_31_D2', 'FCF_CSMH-20140605_31_D3', 'FCF_CSMH-20140605_31_E1', 'FCF_CSMH-20140605_31_E2', 'FCF_CSMH-20140605_31_E3', 'FCF_CSMH-20140605_31_B2', 'FCF_CSMH-20140605_31_C4', 'FCF_CSMH-20140605_31_D1', 'FCF_CSMH-20140605_31_D4', 'FCF_CSMH-20140605_31_E4', 'FCF_CSMH-20140605_31_E5', 'FCF_CSMH-20140605_31_E6', 'FCF_CSMH-20140605_31_F1', 'FCF_CSMH-20140605_31_F2', 'FCF_CSMH-20140605_31_F3', 'FCF_CSMH-20140605_31_F4', 'FCF_CSMH-20140605_31_F5', 'FCF_CSMH-20140605_31_F6', 'FCF_CSMH-20140605_31_G1', 'FCF_CSMH-20140605_31_G2', 'FCF_CSMH-20140605_31_G3', 'FCF_CSMH-20140605_31_G4', 'FCF_CSMH-20140605_31_G5', 'FCF_CSMH-20140605_31_G6', 'FCF_CSMH-20140605_31_H1', 'FCF_CSMH-20140605_31_H2', 'FCF_CSMH-20140605_31_H3', 'FCF_CSMH-20140605_31_H4', 'FCF_CSMH-20140605_31_H5'},'interpreter','none');
close all
figure,imagesc(I)
xticklabel_rotate([1:45],45,{'FCF_CSMH-20140605_31_A1', 'FCF_CSMH-20140605_31_A2', 'FCF_CSMH-20140605_31_A3', 'FCF_CSMH-20140605_31_A4', 'FCF_CSMH-20140605_31_A5', 'FCF_CSMH-20140605_31_A6', 'FCF_CSMH-20140605_31_B1', 'FCF_CSMH-20140605_31_B3', 'FCF_CSMH-20140605_31_B4', 'FCF_CSMH-20140605_31_B5', 'FCF_CSMH-20140605_31_B6', 'FCF_CSMH-20140605_31_C1', 'FCF_CSMH-20140605_31_C2', 'FCF_CSMH-20140605_31_C3', 'FCF_CSMH-20140605_31_C5', 'FCF_CSMH-20140605_31_C6', 'FCF_CSMH-20140605_31_D2', 'FCF_CSMH-20140605_31_D3', 'FCF_CSMH-20140605_31_E1', 'FCF_CSMH-20140605_31_E2', 'FCF_CSMH-20140605_31_E3', 'FCF_CSMH-20140605_31_B2', 'FCF_CSMH-20140605_31_C4', 'FCF_CSMH-20140605_31_D1', 'FCF_CSMH-20140605_31_D4', 'FCF_CSMH-20140605_31_E4', 'FCF_CSMH-20140605_31_E5', 'FCF_CSMH-20140605_31_E6', 'FCF_CSMH-20140605_31_F1', 'FCF_CSMH-20140605_31_F2', 'FCF_CSMH-20140605_31_F3', 'FCF_CSMH-20140605_31_F4', 'FCF_CSMH-20140605_31_F5', 'FCF_CSMH-20140605_31_F6', 'FCF_CSMH-20140605_31_G1', 'FCF_CSMH-20140605_31_G2', 'FCF_CSMH-20140605_31_G3', 'FCF_CSMH-20140605_31_G4', 'FCF_CSMH-20140605_31_G5', 'FCF_CSMH-20140605_31_G6', 'FCF_CSMH-20140605_31_H1', 'FCF_CSMH-20140605_31_H2', 'FCF_CSMH-20140605_31_H3', 'FCF_CSMH-20140605_31_H4', 'FCF_CSMH-20140605_31_H5'},'interpreter','none');
yticklabel_rotate([1:45],45,{'FCF_CSMH-20140605_31_A1', 'FCF_CSMH-20140605_31_A2', 'FCF_CSMH-20140605_31_A3', 'FCF_CSMH-20140605_31_A4', 'FCF_CSMH-20140605_31_A5', 'FCF_CSMH-20140605_31_A6', 'FCF_CSMH-20140605_31_B1', 'FCF_CSMH-20140605_31_B3', 'FCF_CSMH-20140605_31_B4', 'FCF_CSMH-20140605_31_B5', 'FCF_CSMH-20140605_31_B6', 'FCF_CSMH-20140605_31_C1', 'FCF_CSMH-20140605_31_C2', 'FCF_CSMH-20140605_31_C3', 'FCF_CSMH-20140605_31_C5', 'FCF_CSMH-20140605_31_C6', 'FCF_CSMH-20140605_31_D2', 'FCF_CSMH-20140605_31_D3', 'FCF_CSMH-20140605_31_E1', 'FCF_CSMH-20140605_31_E2', 'FCF_CSMH-20140605_31_E3', 'FCF_CSMH-20140605_31_B2', 'FCF_CSMH-20140605_31_C4', 'FCF_CSMH-20140605_31_D1', 'FCF_CSMH-20140605_31_D4', 'FCF_CSMH-20140605_31_E4', 'FCF_CSMH-20140605_31_E5', 'FCF_CSMH-20140605_31_E6', 'FCF_CSMH-20140605_31_F1', 'FCF_CSMH-20140605_31_F2', 'FCF_CSMH-20140605_31_F3', 'FCF_CSMH-20140605_31_F4', 'FCF_CSMH-20140605_31_F5', 'FCF_CSMH-20140605_31_F6', 'FCF_CSMH-20140605_31_G1', 'FCF_CSMH-20140605_31_G2', 'FCF_CSMH-20140605_31_G3', 'FCF_CSMH-20140605_31_G4', 'FCF_CSMH-20140605_31_G5', 'FCF_CSMH-20140605_31_G6', 'FCF_CSMH-20140605_31_H1', 'FCF_CSMH-20140605_31_H2', 'FCF_CSMH-20140605_31_H3', 'FCF_CSMH-20140605_31_H4', 'FCF_CSMH-20140605_31_H5'},'interpreter','none');
yticklabel_rotate([1:45],135,{'FCF_CSMH-20140605_31_A1', 'FCF_CSMH-20140605_31_A2', 'FCF_CSMH-20140605_31_A3', 'FCF_CSMH-20140605_31_A4', 'FCF_CSMH-20140605_31_A5', 'FCF_CSMH-20140605_31_A6', 'FCF_CSMH-20140605_31_B1', 'FCF_CSMH-20140605_31_B3', 'FCF_CSMH-20140605_31_B4', 'FCF_CSMH-20140605_31_B5', 'FCF_CSMH-20140605_31_B6', 'FCF_CSMH-20140605_31_C1', 'FCF_CSMH-20140605_31_C2', 'FCF_CSMH-20140605_31_C3', 'FCF_CSMH-20140605_31_C5', 'FCF_CSMH-20140605_31_C6', 'FCF_CSMH-20140605_31_D2', 'FCF_CSMH-20140605_31_D3', 'FCF_CSMH-20140605_31_E1', 'FCF_CSMH-20140605_31_E2', 'FCF_CSMH-20140605_31_E3', 'FCF_CSMH-20140605_31_B2', 'FCF_CSMH-20140605_31_C4', 'FCF_CSMH-20140605_31_D1', 'FCF_CSMH-20140605_31_D4', 'FCF_CSMH-20140605_31_E4', 'FCF_CSMH-20140605_31_E5', 'FCF_CSMH-20140605_31_E6', 'FCF_CSMH-20140605_31_F1', 'FCF_CSMH-20140605_31_F2', 'FCF_CSMH-20140605_31_F3', 'FCF_CSMH-20140605_31_F4', 'FCF_CSMH-20140605_31_F5', 'FCF_CSMH-20140605_31_F6', 'FCF_CSMH-20140605_31_G1', 'FCF_CSMH-20140605_31_G2', 'FCF_CSMH-20140605_31_G3', 'FCF_CSMH-20140605_31_G4', 'FCF_CSMH-20140605_31_G5', 'FCF_CSMH-20140605_31_G6', 'FCF_CSMH-20140605_31_H1', 'FCF_CSMH-20140605_31_H2', 'FCF_CSMH-20140605_31_H3', 'FCF_CSMH-20140605_31_H4', 'FCF_CSMH-20140605_31_H5'},'interpreter','none');
yticklabel_rotate([1:45],-45,{'FCF_CSMH-20140605_31_A1', 'FCF_CSMH-20140605_31_A2', 'FCF_CSMH-20140605_31_A3', 'FCF_CSMH-20140605_31_A4', 'FCF_CSMH-20140605_31_A5', 'FCF_CSMH-20140605_31_A6', 'FCF_CSMH-20140605_31_B1', 'FCF_CSMH-20140605_31_B3', 'FCF_CSMH-20140605_31_B4', 'FCF_CSMH-20140605_31_B5', 'FCF_CSMH-20140605_31_B6', 'FCF_CSMH-20140605_31_C1', 'FCF_CSMH-20140605_31_C2', 'FCF_CSMH-20140605_31_C3', 'FCF_CSMH-20140605_31_C5', 'FCF_CSMH-20140605_31_C6', 'FCF_CSMH-20140605_31_D2', 'FCF_CSMH-20140605_31_D3', 'FCF_CSMH-20140605_31_E1', 'FCF_CSMH-20140605_31_E2', 'FCF_CSMH-20140605_31_E3', 'FCF_CSMH-20140605_31_B2', 'FCF_CSMH-20140605_31_C4', 'FCF_CSMH-20140605_31_D1', 'FCF_CSMH-20140605_31_D4', 'FCF_CSMH-20140605_31_E4', 'FCF_CSMH-20140605_31_E5', 'FCF_CSMH-20140605_31_E6', 'FCF_CSMH-20140605_31_F1', 'FCF_CSMH-20140605_31_F2', 'FCF_CSMH-20140605_31_F3', 'FCF_CSMH-20140605_31_F4', 'FCF_CSMH-20140605_31_F5', 'FCF_CSMH-20140605_31_F6', 'FCF_CSMH-20140605_31_G1', 'FCF_CSMH-20140605_31_G2', 'FCF_CSMH-20140605_31_G3', 'FCF_CSMH-20140605_31_G4', 'FCF_CSMH-20140605_31_G5', 'FCF_CSMH-20140605_31_G6', 'FCF_CSMH-20140605_31_H1', 'FCF_CSMH-20140605_31_H2', 'FCF_CSMH-20140605_31_H3', 'FCF_CSMH-20140605_31_H4', 'FCF_CSMH-20140605_31_H5'},'interpreter','none');
figure,imagesc(I)
xticklabel_rotate([1:45],45,{'FCF_CSMH-20140605_31_A1', 'FCF_CSMH-20140605_31_A2', 'FCF_CSMH-20140605_31_A3', 'FCF_CSMH-20140605_31_A4', 'FCF_CSMH-20140605_31_A5', 'FCF_CSMH-20140605_31_A6', 'FCF_CSMH-20140605_31_B1', 'FCF_CSMH-20140605_31_B3', 'FCF_CSMH-20140605_31_B4', 'FCF_CSMH-20140605_31_B5', 'FCF_CSMH-20140605_31_B6', 'FCF_CSMH-20140605_31_C1', 'FCF_CSMH-20140605_31_C2', 'FCF_CSMH-20140605_31_C3', 'FCF_CSMH-20140605_31_C5', 'FCF_CSMH-20140605_31_C6', 'FCF_CSMH-20140605_31_D2', 'FCF_CSMH-20140605_31_D3', 'FCF_CSMH-20140605_31_E1', 'FCF_CSMH-20140605_31_E2', 'FCF_CSMH-20140605_31_E3', 'FCF_CSMH-20140605_31_B2', 'FCF_CSMH-20140605_31_C4', 'FCF_CSMH-20140605_31_D1', 'FCF_CSMH-20140605_31_D4', 'FCF_CSMH-20140605_31_E4', 'FCF_CSMH-20140605_31_E5', 'FCF_CSMH-20140605_31_E6', 'FCF_CSMH-20140605_31_F1', 'FCF_CSMH-20140605_31_F2', 'FCF_CSMH-20140605_31_F3', 'FCF_CSMH-20140605_31_F4', 'FCF_CSMH-20140605_31_F5', 'FCF_CSMH-20140605_31_F6', 'FCF_CSMH-20140605_31_G1', 'FCF_CSMH-20140605_31_G2', 'FCF_CSMH-20140605_31_G3', 'FCF_CSMH-20140605_31_G4', 'FCF_CSMH-20140605_31_G5', 'FCF_CSMH-20140605_31_G6', 'FCF_CSMH-20140605_31_H1', 'FCF_CSMH-20140605_31_H2', 'FCF_CSMH-20140605_31_H3', 'FCF_CSMH-20140605_31_H4', 'FCF_CSMH-20140605_31_H5'},'interpreter','none');
